30 30
2 2 34
1 2 24
0 0 62
2 2 45
1 0 61
2 1 42
0 0 91
0 2 53
1 1 21
2 2 95
2 0 71
0 0 12
2 1 35
0 2 11
2 0 73
2 0 11
2 1 47
2 1 57
0 1 23
0 1 78
1 2 90
0 0 6
1 2 64
1 2 5
2 0 70
2 0 1
0 2 29
2 0 54
0 2 66
2 2 8
0 0 2 1
2 0 2 1
0 2 0 2
0 0 1 0
0 0 2 2
2 1 2 2
0 0 2 0
0 0 1 0
2 0 2 2
0 1 2 1
0 1 2 1
0 1 1 2
1 0 1 2
0 0 2 2
1 0 2 2
2 1 2 1
0 2 0 2
0 2 1 2
0 0 2 2
1 0 2 2
1 1 2 2
0 0 0 0
0 0 1 1
0 1 2 2
0 2 1 2
0 1 2 1
0 0 2 2
1 1 2 2
2 0 2 2
1 0 1 2
